100
61132 29933 30314 
12591 81613 79999 
67774 56553 92236 
99081 86478 55099 
98687 95704 85954 
43261 81749 196 
18480 47534 60028 
23839 12978 50424 
64187 2922 41906 
70479 52372 32269 
80388 70235 66726 
2589 76755 70726 
16427 1585 46910 
39105 57042 30445 
71065 24738 15686 
62340 82586 63501 
60513 97461 21814 
56856 21691 62275 
49936 18252 84846 
79467 34419 33599 
98252 57159 60736 
3725 25254 61660 
41342 92965 86430 
61339 90980 82297 
17692 81609 8552 
36808 64776 12107 
21962 39987 41783 
96391 61743 41031 
87799 66454 10132 
91882 5381 67783 
59772 45842 3635 
70975 78973 64814 
96410 13012 49175 
23962 35791 9057 
86975 20038 79862 
6288 45281 53364 
71149 11596 55072 
96547 52095 48967 
82406 93415 82667 
27634 48891 68653 
97267 49660 95679 
29578 93190 17244 
84883 30719 98071 
34105 16383 24748 
98658 81395 8570 
99946 79751 36203 
46722 79797 10170 
43072 81997 50781 
75299 90024 44995 
29909 74926 97371 
56309 54881 55020 
97425 62441 78519 
85766 65608 55578 
81623 99128 49199 
57070 89917 80198 
6168 46551 26027 
83140 14295 36851 
16948 94557 97365 
66994 71023 65339 
57510 28546 2440 
45071 41323 59814 
47462 96154 22319 
24553 96569 57610 
41009 95934 60093 
11246 68332 17558 
26823 32331 61783 
69053 57425 89051 
14174 50222 99630 
48947 7512 24671 
2394 48424 65069 
11290 19612 52367 
84435 58285 37064 
62956 22963 65072 
63749 61986 11334 
33337 84163 37014 
55404 30314 31645 
45091 64660 78387 
84263 86983 81096 
45539 63417 29775 
4949 72119 55957 
29837 17532 94393 
41297 56223 81833 
2127 92117 96185 
78593 518 59857 
39206 41103 37110 
60592 41698 64598 
71658 33179 97275 
95087 81398 18634 
32581 50213 29147 
46448 80250 92528 
8665 41666 51179 
75329 67556 99180 
93444 88327 9284 
78702 64570 23665 
95900 89948 61028 
41094 18536 14871 
42077 76525 50241 
49369 66611 95929 
34385 47614 81103 
90321 65172 62338