96
89911 90504 44075 
86081 78332 21707 
69587 7620 71714 
75252 39548 51025 
29992 88192 25522 
53811 7956 48344 
77392 89823 44329 
77811 71258 764 
82267 36977 93887 
37071 86186 26417 
69420 34758 93596 
33990 46347 8965 
5241 98481 96614 
69968 30194 80210 
92433 90770 33829 
92655 17062 87231 
25458 42523 76688 
15825 56087 24740 
79115 45753 46681 
65188 10387 63839 
62450 53645 63061 
45550 62365 96309 
17256 39376 84321 
22308 59169 47345 
45574 21221 18157 
18044 55684 92437 
92990 83040 3603 
45872 82049 45567 
50623 56596 34828 
74042 93232 788 
50639 68463 53384 
16937 34982 83492 
44238 17389 32357 
42788 54563 89197 
5137 31798 87140 
69508 58418 88035 
27230 62957 68269 
21067 465 67472 
18981 71168 20036 
74678 42698 17484 
30949 72852 94845 
14795 4691 64752 
45445 3567 9912 
69877 4308 92434 
90714 28204 39471 
97170 30733 82571 
30646 19594 56475 
65560 23684 81 
3448 77769 8672 
86458 38696 38497 
3114 16224 11086 
26873 55218 23797 
79333 44977 72072 
41796 83879 91849 
12817 24671 27597 
76484 39478 79857 
8054 65339 94504 
80993 24274 22529 
13109 27469 69619 
75322 97846 60474 
46744 95852 97511 
72595 31644 33480 
49893 57534 18289 
91689 89032 52080 
52622 58988 68767 
38337 52937 34486 
3273 72892 98709 
21241 3973 47861 
51545 42852 2081 
95770 88269 45669 
98053 80332 84971 
85375 82755 50628 
33204 66345 53626 
7150 33999 12071 
24775 27226 49575 
96063 952 67263 
57645 76340 57004 
4703 28787 74212 
74371 40709 39504 
15770 24025 74980 
47619 14260 6548 
58216 23063 58129 
8847 92452 68182 
92376 66425 52712 
93805 16098 15530 
31353 66999 83194 
92771 71957 14235 
5684 65995 2425 
42511 76310 48899 
11911 92646 20840 
59726 46768 92554 
42127 19858 26680 
39817 91657 15083 
60938 12095 60239 
97051 77832 39801 
21886 8941 96580 