90
42565 82329 17685 
36636 83597 49251 
19916 3568 62435 
26914 68506 38953 
53955 44547 34076 
96218 59633 33011 
56705 70726 2357 
99361 20973 83854 
44199 31000 82496 
2215 9930 92201 
78208 53603 74801 
90842 59225 33818 
45423 39210 78424 
51880 85096 38916 
68907 10665 12309 
35275 80834 66139 
72183 7914 11660 
65580 6490 95342 
87917 70440 19072 
84897 62651 78595 
71737 61128 42211 
83123 40854 70374 
1822 69696 37459 
6698 61633 56942 
51923 32830 94475 
21880 86167 1553 
41416 10076 68928 
3250 51792 27771 
28409 63185 83125 
31886 93208 71401 
1675 22466 29899 
54510 68547 1966 
2230 38753 6287 
77563 70296 42517 
10597 90362 60511 
34467 63882 31252 
27938 32989 77703 
59079 19140 80673 
91673 26054 60941 
13183 97995 46431 
17926 81007 20496 
83645 95283 15767 
71211 19643 52412 
11070 80051 13705 
30225 67630 20124 
88239 3781 44625 
51464 10015 1589 
85847 46681 52456 
29015 10694 10394 
18603 54480 92511 
38123 28872 90257 
88072 93103 38358 
65327 7567 42595 
35672 1568 65035 
65858 67394 88988 
74460 29060 87598 
5588 164 6755 
23727 99051 41917 
27248 18642 90300 
35368 17450 89055 
47651 6415 4982 
40133 92247 8709 
2078 19930 92206 
60577 36302 58845 
57857 99226 59502 
6096 91647 36233 
90764 78507 62571 
85431 72964 50280 
16963 8745 6011 
55036 1652 95550 
68488 91728 81368 
87883 14002 77424 
67411 53026 24617 
51112 92491 37603 
7922 2428 90863 
17171 17837 35191 
77727 4575 69858 
23376 1232 60289 
23816 55820 99369 
93348 21072 98209 
85564 8770 21832 
85864 86937 96845 
89158 32799 7954 
91383 67890 74813 
22307 44340 62172 
49807 96726 81252 
93653 35419 32757 
73582 18271 39595 
77389 25679 62770 
56336 15126 57129 