85
77787 48797 11278 
49005 84138 76000 
68560 48558 97055 
80383 19610 88034 
43398 39717 56339 
89946 98057 61601 
94085 14509 43166 
51942 80018 40358 
31882 60861 70394 
40134 75263 84485 
29487 17866 15971 
95239 99484 54551 
65317 47079 34386 
55923 41291 22888 
85389 97504 32032 
86704 71355 70577 
59836 91858 44956 
58196 14931 38289 
26071 68191 70043 
36625 95299 54884 
24872 27464 1232 
34244 85714 93870 
77815 96825 60196 
16036 58046 93132 
78216 322 28480 
63643 56563 35019 
33360 40317 38127 
17131 37078 68367 
79174 30977 63980 
4782 16315 8023 
81518 5011 71220 
36900 89334 73640 
26596 9152 92846 
36976 30903 12124 
33610 2142 46588 
1439 52962 52179 
17967 88709 95110 
86529 10610 44053 
53651 86770 56195 
73025 80396 34837 
25259 47937 39317 
29629 23772 82343 
89617 86158 44252 
48048 45924 31134 
60706 20246 239 
3248 61013 70329 
53751 45550 63091 
87889 93094 94292 
71028 74149 43438 
80892 73172 90691 
40983 98396 63617 
21596 6533 13150 
91071 61710 5724 
10623 22069 31383 
14364 73488 93188 
74514 14012 98870 
66128 42857 71564 
92457 32860 42462 
58819 51846 18966 
22062 11933 17325 
99819 56057 92476 
14338 44380 17912 
65037 94396 83070 
4710 99490 94645 
25440 54695 67145 
54743 97476 54324 
78670 78240 61097 
22061 79044 69302 
43932 46698 44011 
92495 70359 86737 
17968 47249 59706 
26408 46624 10744 
82306 13518 27703 
32239 91135 37425 
69028 68895 71653 
33295 11626 12708 
29190 15449 45080 
13002 6399 17647 
26029 836 89204 
63138 34722 63720 
12182 21962 52962 
60548 22136 50680 
19871 89140 64305 
58409 65996 96443 
23033 61722 85851 