80
37391 48053 37786 
29945 89648 44421 
71547 30851 88468 
26790 2777 40569 
77253 2904 972 
70032 31934 1619 
86727 92973 45270 
18427 25828 97568 
84060 36370 93713 
6800 16195 4523 
88774 77715 60831 
44956 50560 63524 
27850 1859 31906 
43175 88833 97022 
85446 84182 39765 
23293 60410 75075 
42127 95449 20120 
83527 69329 4435 
48455 73763 70356 
32199 8546 57303 
89036 15931 89855 
51116 33836 24445 
33686 66486 87166 
18405 37774 24243 
74056 27923 18036 
1844 28303 23453 
14316 81979 37397 
72451 93069 25398 
6886 93687 68004 
78200 64182 98371 
27947 20393 50524 
25084 39087 25737 
70720 49543 75934 
27962 61857 82965 
85266 95198 89796 
64159 5746 28048 
43091 30878 18941 
76935 44038 75605 
72215 21538 59864 
87821 26049 97489 
92830 43776 19757 
30646 56023 47978 
42280 61415 27251 
25837 9103 44068 
98578 9072 19054 
25802 48032 5034 
46859 54607 14070 
72182 97957 62898 
29125 15218 49000 
8043 46746 28601 
17081 9583 96023 
85823 26680 7261 
89559 51940 83287 
62855 97735 11885 
25070 62925 13577 
34203 83969 18765 
47545 48874 44650 
89316 80144 12035 
28990 66610 93734 
96458 44794 73433 
12164 60787 46675 
75910 62476 60126 
59513 39 35498 
42968 81873 48610 
45057 11792 67393 
78999 45237 99921 
15872 76747 63922 
72593 53402 68679 
76181 63023 5123 
85839 12200 4555 
5903 44394 79782 
41930 23773 51197 
1065 81882 47194 
47413 31197 88714 
15219 18003 24871 
22400 58553 65082 
77422 89426 3448 
98614 18525 91196 
54487 35550 26793 
59719 45417 39719