75
22022 32627 91456 
12297 25224 7673 
73107 40468 43335 
66283 45079 63003 
69234 70827 69804 
46490 67420 86329 
51641 99536 13419 
38273 31827 59909 
87667 42880 69502 
83552 7352 13152 
32283 48257 99659 
41701 18036 91882 
85738 17572 8072 
77514 4554 63252 
81930 52493 68311 
27161 64264 30643 
10012 73728 37912 
85724 63757 69858 
56669 72887 53231 
59537 29274 24851 
2847 23378 36193 
65326 39885 41016 
79861 22738 11565 
84702 88503 61099 
52991 13400 58865 
75084 59676 11066 
35536 89278 68065 
9351 51794 61288 
88140 30658 61234 
13793 72486 92406 
2379 43148 95887 
58570 38703 16731 
51982 11884 3728 
59116 55814 98122 
4252 38222 81111 
82922 20070 96613 
84161 73199 60682 
49945 74583 35522 
97940 16005 72458 
88735 55700 27691 
16440 99953 13797 
64670 41258 95903 
94439 42939 74152 
6516 86642 42298 
35293 20545 66235 
57314 35127 97044 
77461 49660 4431 
58340 52455 25331 
84911 68703 57506 
48715 26620 43863 
6062 11628 39580 
36260 11378 94310 
21788 48837 18438 
61874 11457 44251 
88338 5572 57879 
8798 8474 60591 
51275 3258 41422 
86351 33032 46455 
95473 12300 66635 
19481 45038 12246 
46988 2371 15149 
10297 72369 99643 
53765 51671 23281 
29753 235 59493 
7028 75264 22182 
66649 89213 95250 
39456 64641 20315 
95454 56568 40993 
97035 52176 78176 
58500 59701 19122 
54838 97015 88492 
40457 13881 16795 
24936 59043 91574 
34470 87495 78227 
6595 33188 34560 