50
69 584 541 
746 952 696 
563 14 842 
226 428 226 
907 854 840 
257 62 878 
802 719 864 
10 311 379 
401 235 643 
320 699 494 
939 809 972 
895 153 257 
317 910 456 
670 203 718 
534 724 391 
401 537 587 
566 387 925 
812 820 376 
913 877 949 
649 558 644 
736 108 857 
735 920 368 
67 671 278 
540 88 494 
38 958 883 
487 498 392 
733 166 349 
545 256 366 
735 869 437 
400 681 496 
989 951 904 
899 763 797 
202 355 701 
798 734 4 
456 487 531 
316 623 283 
572 511 591 
617 220 360 
949 110 674 
812 393 372 
457 52 196 
332 890 123 
944 561 28 
720 54 631 
667 197 315 
176 519 110 
121 22 706 
488 350 99 
130 755 154 
765 601 923 